 -1.6748770e+000  6.7241380e+000
 -1.4532020e+000  6.6748770e+000
 -1.4778330e+000  6.4532020e+000
 -1.6502460e+000  6.2315270e+000
 -1.6502460e+000  6.0098520e+000
 -1.4285710e+000  5.8620690e+000
 -1.2068970e+000  5.9113300e+000
 -9.8522200e-001  6.0098520e+000
 -7.6354700e-001  6.0837440e+000
 -5.9113300e-001  5.9605910e+000
 -4.1871900e-001  5.9113300e+000
 -1.9704400e-001  5.9359610e+000
  2.4631000e-002  5.9852220e+000
  2.4630500e-001  6.0344830e+000
  4.6798000e-001  6.1083740e+000
  6.8965500e-001  6.2068970e+000
  9.1133000e-001  6.2807880e+000
  1.0837440e+000  6.2068970e+000
  8.8670000e-001  5.9852220e+000
  6.8965500e-001  5.8374380e+000
  4.6798000e-001  5.6896550e+000
  2.4630500e-001  5.5665020e+000
  2.4631000e-002  5.4679800e+000
 -1.9704400e-001  5.3940890e+000
 -4.1871900e-001  5.3201970e+000
 -6.4039400e-001  5.2216750e+000
 -7.1428600e-001  5.1477830e+000
 -4.9261100e-001  5.1477830e+000
 -2.7093600e-001  5.1724140e+000
 -4.9261000e-002  5.1724140e+000
  1.4778300e-001  5.0246310e+000
  3.6945800e-001  5.0000000e+000
  5.9113300e-001  5.0246310e+000
  8.1280800e-001  5.0492610e+000
  1.0344830e+000  5.0738920e+000
  1.0837440e+000  4.9014780e+000
  8.8670000e-001  4.7536950e+000
  6.6502500e-001  4.6305420e+000
  4.4335000e-001  4.5812810e+000
  3.6945800e-001  4.3842360e+000
  5.9113300e-001  4.3349750e+000
  8.1280800e-001  4.2857140e+000
  1.0344830e+000  4.2364530e+000
  1.2561580e+000  4.1379310e+000
  1.2561580e+000  3.9408870e+000
  1.0344830e+000  3.8423650e+000
  8.1280800e-001  3.7684730e+000
  5.9113300e-001  3.6945810e+000
  5.6650200e-001  3.4975370e+000
  7.8817700e-001  3.3497540e+000
  1.0098520e+000  3.2019700e+000
  1.0837440e+000  3.0049260e+000
  8.6206900e-001  2.9310340e+000
  6.4039400e-001  2.9064040e+000
  4.1871900e-001  2.8325120e+000
  2.2167500e-001  2.7093600e+000
  4.9261000e-002  2.6108370e+000
  4.9261000e-002  2.3891630e+000
  1.2315300e-001  2.1674880e+000
  1.2315300e-001  1.9458130e+000
  4.9261000e-002  1.7241380e+000
  2.4631000e-002  1.5024630e+000
 -9.8522000e-002  1.2807880e+000
 -1.4778300e-001  1.0591130e+000
 -2.9556700e-001  8.6206900e-001
 -3.6945800e-001  6.4039400e-001
 -5.4187200e-001  4.4335000e-001
 -6.4039400e-001  2.2167500e-001
 -8.3743800e-001  7.3892000e-002
 -8.6206900e-001 -1.4778300e-001
 -1.0098520e+000 -3.6945800e-001
 -1.1083740e+000 -5.9113300e-001
 -1.2068970e+000 -8.1280800e-001
 -1.2068970e+000 -1.0344830e+000
 -1.1083740e+000 -1.2315270e+000
 -8.8670000e-001 -1.2807880e+000
 -6.6502500e-001 -1.1576350e+000
 -5.4187200e-001 -9.3596100e-001
 -3.6945800e-001 -7.3891600e-001
 -2.7093600e-001 -5.1724100e-001
 -1.4778300e-001 -3.2019700e-001
 -1.2315300e-001 -9.8522000e-002
 -9.8522000e-002  1.2315300e-001
  0.0000000e+000  3.4482800e-001
  2.4631000e-002  5.6650200e-001
  1.7241400e-001  7.8817700e-001
  2.7093600e-001  9.8522200e-001
  3.6945800e-001  1.2068970e+000
  3.9408900e-001  1.4285710e+000
  4.9261100e-001  1.6502460e+000
  6.1576400e-001  1.8472910e+000
  6.8965500e-001  2.0689660e+000
  8.6206900e-001  2.2413790e+000
  9.3596100e-001  2.4630540e+000
  1.1083740e+000  2.6108370e+000
  1.2561580e+000  2.7586210e+000
  1.3300490e+000  2.9802960e+000
  1.5024630e+000  3.1773400e+000
  1.7241380e+000  3.2512320e+000
  1.8472910e+000  3.4729060e+000
  2.0689660e+000  3.4236450e+000
  2.2660100e+000  3.5960590e+000
  2.4630540e+000  3.7684730e+000
  2.6847290e+000  3.7438420e+000
  2.9064040e+000  3.8916260e+000
  3.1280790e+000  3.9162560e+000
  3.3497540e+000  3.9408870e+000
  3.5714290e+000  4.0394090e+000
  3.7684730e+000  3.9408870e+000
  3.9901480e+000  4.0147780e+000
  4.2118230e+000  4.0394090e+000
  4.4088670e+000  3.9408870e+000
  4.6305420e+000  3.9901480e+000
  4.8522170e+000  3.9901480e+000
  5.0492610e+000  3.8669950e+000
  5.2709360e+000  3.8916260e+000
  5.4433500e+000  3.7438420e+000
  5.6650250e+000  3.6945810e+000
  5.8374380e+000  3.5960590e+000
  5.9852220e+000  3.4482760e+000
  6.2068970e+000  3.3743840e+000
  6.3054190e+000  3.1773400e+000
  6.5024630e+000  3.0295570e+000
  6.6502460e+000  2.8571430e+000
  6.7241380e+000  2.6600990e+000
  6.8965520e+000  2.4876850e+000
  7.0689660e+000  2.4137930e+000
  7.2413790e+000  2.6108370e+000
  7.4137930e+000  2.7586210e+000
  7.4876850e+000  2.9802960e+000
  7.5862070e+000  3.2019700e+000
  7.7832510e+000  3.1773400e+000
  7.9802960e+000  3.2019700e+000
  8.2019700e+000  3.3990150e+000
  8.4236450e+000  3.4482760e+000
  8.5221670e+000  3.2512320e+000
  8.6699510e+000  3.1773400e+000
  8.8916260e+000  3.2512320e+000
  9.1133000e+000  3.3251230e+000
  9.3349750e+000  3.3743840e+000
  9.3596060e+000  3.2266010e+000
  9.2118230e+000  3.0049260e+000
  9.0147780e+000  2.8325120e+000
  9.0640390e+000  2.6847290e+000
  9.2857140e+000  2.6108370e+000
  9.2857140e+000  2.4630540e+000
  9.0640390e+000  2.3891630e+000
  9.0147780e+000  2.2167490e+000
  9.1625620e+000  2.0443350e+000
  8.9408870e+000  1.9704430e+000
  8.7192120e+000  1.9704430e+000
  8.5221670e+000  1.8965520e+000
  8.4482760e+000  1.6748770e+000
  8.2266010e+000  1.6502460e+000
  8.0049260e+000  1.6748770e+000
  8.0295570e+000  1.4532020e+000
  8.2019700e+000  1.2561580e+000
  8.3743840e+000  1.0591130e+000
  8.5960590e+000  8.6206900e-001
  8.7931030e+000  6.6502500e-001
  8.9901480e+000  4.6798000e-001
  9.1871920e+000  2.4630500e-001
  9.3596060e+000  2.4631000e-002
  9.4827590e+000 -1.9704400e-001
  9.6059110e+000 -4.1871900e-001
  9.7044330e+000 -6.4039400e-001
  9.7783250e+000 -8.6206900e-001
  9.8768470e+000 -1.0837440e+000
  9.9507390e+000 -1.3054190e+000
  9.9753690e+000 -1.5270940e+000
  9.9753690e+000 -1.7487680e+000
  9.9753690e+000 -1.9704430e+000
  9.9261080e+000 -2.1921180e+000
  9.8768470e+000 -2.4137930e+000
  9.8029560e+000 -2.6354680e+000
  9.6551720e+000 -2.8571430e+000
  9.5073890e+000 -3.0788180e+000
  9.3103450e+000 -3.2758620e+000
  9.0886700e+000 -3.3990150e+000
  8.8669950e+000 -3.5714290e+000
  8.6453200e+000 -3.6945810e+000
  8.4236450e+000 -3.7931030e+000
  8.2019700e+000 -3.8669950e+000
  7.9802960e+000 -3.9162560e+000
  7.7586210e+000 -3.9408870e+000
  7.5369460e+000 -3.9655170e+000
  7.3152710e+000 -3.9655170e+000
  7.0935960e+000 -3.9655170e+000
  7.2167490e+000 -4.1625620e+000
  7.2906400e+000 -4.3842360e+000
  7.0689660e+000 -4.3349750e+000
  6.8472910e+000 -4.3103450e+000
  6.6256160e+000 -4.2610840e+000
  6.4039410e+000 -4.2364530e+000
  6.1822660e+000 -4.2610840e+000
  5.9605910e+000 -4.2857140e+000
  5.7389160e+000 -4.3349750e+000
  5.5172410e+000 -4.3596060e+000
  5.2955670e+000 -4.4581280e+000
  5.0738920e+000 -4.5812810e+000
  4.8522170e+000 -4.6305420e+000
  4.6305420e+000 -4.7044330e+000
  4.4088670e+000 -4.8275860e+000
  4.1871920e+000 -4.8275860e+000
  4.2857140e+000 -4.6305420e+000
  4.4088670e+000 -4.4088670e+000
  4.3842360e+000 -4.2610840e+000
  4.1625620e+000 -4.2857140e+000
  3.9408870e+000 -4.3842360e+000
  3.7192120e+000 -4.3103450e+000
  3.8423650e+000 -4.1133000e+000
  4.0147780e+000 -3.8916260e+000
  3.7931030e+000 -3.9655170e+000
  3.6699510e+000 -3.8423650e+000
  3.7684730e+000 -3.6206900e+000
  3.9408870e+000 -3.3990150e+000
  3.7684730e+000 -3.1773400e+000
  3.5714290e+000 -2.9802960e+000
  3.3990150e+000 -2.7586210e+000
  3.3004930e+000 -2.5369460e+000
  3.2019700e+000 -2.3152710e+000
  3.1280790e+000 -2.2167490e+000
  3.1773400e+000 -1.9950740e+000
  3.0541870e+000 -1.8719210e+000
  3.1773400e+000 -1.6748770e+000
  3.2019700e+000 -1.4532020e+000
  3.2266010e+000 -1.2315270e+000
  3.2758620e+000 -1.0098520e+000
  3.3743840e+000 -7.8817700e-001
  3.4729060e+000 -5.6650200e-001
  3.6206900e+000 -3.4482800e-001
  3.7684730e+000 -1.2315300e-001
  3.9162560e+000  9.8522000e-002
  4.0394090e+000  3.2019700e-001
  4.1379310e+000  5.4187200e-001
  4.2610840e+000  7.6354700e-001
  4.3103450e+000  9.8522200e-001
  4.2857140e+000  1.2068970e+000
  4.0886700e+000  1.3054190e+000
  3.8669950e+000  1.2807880e+000
  3.6699510e+000  1.0837440e+000
  3.4975370e+000  8.6206900e-001
  3.3990150e+000  6.4039400e-001
  3.3004930e+000  4.1871900e-001
  3.2266010e+000  1.9704400e-001
  3.1773400e+000 -2.4631000e-002
  3.1280790e+000 -2.4630500e-001
  3.0788180e+000 -4.6798000e-001
  3.0295570e+000 -6.8965500e-001
  2.9802960e+000 -9.1133000e-001
  2.9310340e+000 -1.1330050e+000
  2.8817730e+000 -1.3546800e+000
  2.8325120e+000 -1.5763550e+000
  2.7339900e+000 -1.7980300e+000
  2.6847290e+000 -2.0197040e+000
  2.6108370e+000 -2.2413790e+000
  2.5615760e+000 -2.4630540e+000
  2.4876850e+000 -2.6847290e+000
  2.4137930e+000 -2.9064040e+000
  2.4137930e+000 -3.1280790e+000
  2.5369460e+000 -3.3497540e+000
  2.6847290e+000 -3.5714290e+000
  2.8325120e+000 -3.7931030e+000
  2.9310340e+000 -4.0147780e+000
  2.9556650e+000 -4.2364530e+000
  2.9556650e+000 -4.4581280e+000
  2.9310340e+000 -4.6798030e+000
  2.8817730e+000 -4.9014780e+000
  2.7339900e+000 -5.1231530e+000
  2.5369460e+000 -5.2955670e+000
  2.3152710e+000 -5.4187190e+000
  2.0935960e+000 -5.4679800e+000
  1.8719210e+000 -5.4926110e+000
  1.6502460e+000 -5.4926110e+000
  1.4285710e+000 -5.4679800e+000
  1.2068970e+000 -5.4187190e+000
  9.8522200e-001 -5.3448280e+000
  7.6354700e-001 -5.2463050e+000
  5.4187200e-001 -5.1231530e+000
  3.2019700e-001 -5.0246310e+000
  9.8522000e-002 -5.0985220e+000
 -4.9261000e-002 -5.2216750e+000
  7.3892000e-002 -5.4433500e+000
  2.2167500e-001 -5.6403940e+000
  2.7093600e-001 -5.8620690e+000
  1.9704400e-001 -6.0837440e+000
  0.0000000e+000 -6.2068970e+000
 -2.2167500e-001 -6.2807880e+000
 -4.4335000e-001 -6.3300490e+000
 -6.6502500e-001 -6.3546800e+000
 -8.8670000e-001 -6.4285710e+000
 -1.1083740e+000 -6.5270940e+000
 -1.3300490e+000 -6.5763550e+000
 -1.5517240e+000 -6.6502460e+000
 -1.7733990e+000 -6.6748770e+000
 -1.9950740e+000 -6.6748770e+000
 -2.2167490e+000 -6.7241380e+000
 -2.4384240e+000 -6.7241380e+000
 -2.6600990e+000 -6.6748770e+000
 -2.8325120e+000 -6.4532020e+000
 -2.9310340e+000 -6.2315270e+000
 -3.0049260e+000 -6.0098520e+000
 -3.0541870e+000 -5.7881770e+000
 -3.1034480e+000 -5.5665020e+000
 -3.3251230e+000 -5.5418720e+000
 -3.5467980e+000 -5.5172410e+000
 -3.7684730e+000 -5.4679800e+000
 -3.9901480e+000 -5.3694580e+000
 -4.2118230e+000 -5.2709360e+000
 -4.4334980e+000 -5.1970440e+000
 -4.6551720e+000 -5.0738920e+000
 -4.8522170e+000 -4.8768470e+000
 -5.0738920e+000 -4.7044330e+000
 -5.2955670e+000 -4.7044330e+000
 -5.5172410e+000 -4.7536950e+000
 -5.4679800e+000 -4.5566500e+000
 -5.6650250e+000 -4.5812810e+000
 -5.7142860e+000 -4.4334980e+000
 -5.5911330e+000 -4.2118230e+000
 -5.6157640e+000 -3.9901480e+000
 -5.6403940e+000 -3.7684730e+000
 -5.6650250e+000 -3.5467980e+000
 -5.8128080e+000 -3.3251230e+000
 -5.8128080e+000 -3.1034480e+000
 -5.7881770e+000 -2.8817730e+000
 -5.8620690e+000 -2.6600990e+000
 -5.8128080e+000 -2.4384240e+000
 -5.7389160e+000 -2.2167490e+000
 -5.7635470e+000 -1.9950740e+000
 -5.6896550e+000 -1.7733990e+000
 -5.5665020e+000 -1.5517240e+000
 -5.5665020e+000 -1.3300490e+000
 -5.4926110e+000 -1.1083740e+000
 -5.2955670e+000 -8.8670000e-001
 -5.2216750e+000 -6.6502500e-001
 -5.0738920e+000 -4.4335000e-001
 -4.9014780e+000 -2.4630500e-001
 -4.8029560e+000 -2.4631000e-002
 -4.5812810e+000  1.7241400e-001
 -4.4334980e+000  3.6945800e-001
 -4.2364530e+000  5.4187200e-001
 -4.0147780e+000  7.1428600e-001
 -3.8423650e+000  9.1133000e-001
 -3.6206900e+000  1.0591130e+000
 -3.4482760e+000  1.2807880e+000
 -3.2512320e+000  1.4778330e+000
 -3.1034480e+000  1.6995070e+000
 -2.9802960e+000  1.9211820e+000
 -2.8817730e+000  2.1428570e+000
 -3.1034480e+000  2.1182270e+000
 -3.3251230e+000  2.0935960e+000
 -3.4975370e+000  2.0197040e+000
 -3.7192120e+000  1.9211820e+000
 -3.9408870e+000  1.8965520e+000
 -4.1625620e+000  1.8965520e+000
 -4.3842360e+000  1.8719210e+000
 -4.6059110e+000  1.8226600e+000
 -4.8275860e+000  1.8472910e+000
 -5.0492610e+000  1.8226600e+000
 -5.2709360e+000  1.8472910e+000
 -5.4926110e+000  1.8472910e+000
 -5.7142860e+000  1.7980300e+000
 -5.9113300e+000  1.6995070e+000
 -6.1330050e+000  1.6748770e+000
 -6.3546800e+000  1.6995070e+000
 -6.5763550e+000  1.6748770e+000
 -6.7980300e+000  1.6748770e+000
 -7.0197040e+000  1.6502460e+000
 -7.2413790e+000  1.6502460e+000
 -7.4630540e+000  1.5270940e+000
 -7.6847290e+000  1.4778330e+000
 -7.9064040e+000  1.5024630e+000
 -8.1280790e+000  1.5763550e+000
 -8.3251230e+000  1.6748770e+000
 -8.5467980e+000  1.7487680e+000
 -8.7684730e+000  1.7980300e+000
 -8.9655170e+000  1.9704430e+000
 -8.9901480e+000  2.1921180e+000
 -8.8916260e+000  2.4137930e+000
 -8.7438420e+000  2.6354680e+000
 -8.5467980e+000  2.8078820e+000
 -8.6945810e+000  2.9802960e+000
 -8.9162560e+000  3.0788180e+000
 -9.1379310e+000  3.1773400e+000
 -9.3596060e+000  3.2512320e+000
 -9.5812810e+000  3.3251230e+000
 -9.8029560e+000  3.3497540e+000
 -1.0000000e+001  3.4482760e+000
 -9.8275860e+000  3.5714290e+000
 -9.6059110e+000  3.5960590e+000
 -9.3842360e+000  3.5714290e+000
 -9.1625620e+000  3.5467980e+000
 -8.9408870e+000  3.5221670e+000
 -8.7192120e+000  3.4729060e+000
 -8.4975370e+000  3.4482760e+000
 -8.2758620e+000  3.3990150e+000
 -8.0541870e+000  3.3251230e+000
 -7.8325120e+000  3.2758620e+000
 -7.6108370e+000  3.1773400e+000
 -7.3891630e+000  3.1280790e+000
 -7.1674880e+000  3.0541870e+000
 -6.9458130e+000  2.9802960e+000
 -6.7241380e+000  2.9556650e+000
 -6.5024630e+000  2.9310340e+000
 -6.2807880e+000  2.9064040e+000
 -6.0591130e+000  2.9064040e+000
 -5.9359610e+000  3.1034480e+000
 -5.7389160e+000  3.0295570e+000
 -5.5418720e+000  2.9310340e+000
 -5.3201970e+000  2.9556650e+000
 -5.0985220e+000  2.9802960e+000
 -4.8768470e+000  3.0049260e+000
 -4.6551720e+000  3.0541870e+000
 -4.4334980e+000  3.1034480e+000
 -4.2118230e+000  3.1280790e+000
 -3.9901480e+000  3.2266010e+000
 -3.7684730e+000  3.2512320e+000
 -3.5467980e+000  3.3251230e+000
 -3.7684730e+000  3.3251230e+000
 -3.9901480e+000  3.3004930e+000
 -4.2118230e+000  3.2758620e+000
 -4.4334980e+000  3.2758620e+000
 -4.6551720e+000  3.2758620e+000
 -4.8768470e+000  3.2758620e+000
 -5.0985220e+000  3.2758620e+000
 -5.3201970e+000  3.3004930e+000
 -5.5418720e+000  3.3251230e+000
 -5.7635470e+000  3.3743840e+000
 -5.9852220e+000  3.4236450e+000
 -6.2068970e+000  3.4729060e+000
 -6.4285710e+000  3.5467980e+000
 -6.6502460e+000  3.4975370e+000
 -6.8719210e+000  3.5221670e+000
 -7.0197040e+000  3.7192120e+000
 -7.2167490e+000  3.8177340e+000
 -7.4384240e+000  3.8423650e+000
 -7.6600990e+000  3.9655170e+000
 -7.8817730e+000  4.0640390e+000
 -8.0788180e+000  4.1871920e+000
 -8.3004930e+000  4.3596060e+000
 -8.4975370e+000  4.5812810e+000
 -8.6699510e+000  4.7783250e+000
 -8.7192120e+000  5.0000000e+000
 -8.7192120e+000  5.2216750e+000
 -8.5960590e+000  5.4433500e+000
 -8.3743840e+000  5.6157640e+000
 -8.1527090e+000  5.7635470e+000
 -7.9310340e+000  5.8620690e+000
 -7.7093600e+000  5.8128080e+000
 -7.4876850e+000  5.7881770e+000
 -7.2660100e+000  5.8867000e+000
 -7.0443350e+000  5.8867000e+000
 -6.8226600e+000  5.8620690e+000
 -6.6009850e+000  5.7389160e+000
 -6.3793100e+000  5.6157640e+000
 -6.1576350e+000  5.4187190e+000
 -5.9359610e+000  5.2216750e+000
 -5.7142860e+000  5.0738920e+000
 -5.4926110e+000  5.0492610e+000
 -5.2955670e+000  5.1231530e+000
 -5.2463050e+000  5.3448280e+000
 -5.0492610e+000  5.4679800e+000
 -4.8275860e+000  5.4926110e+000
 -4.6059110e+000  5.5172410e+000
 -4.3842360e+000  5.5418720e+000
 -4.1625620e+000  5.5665020e+000
 -3.9408870e+000  5.5911330e+000
 -3.7192120e+000  5.5911330e+000
 -3.4975370e+000  5.5911330e+000
 -3.2758620e+000  5.5418720e+000
 -3.0541870e+000  5.5418720e+000
 -2.8325120e+000  5.5418720e+000
 -2.6108370e+000  5.5172410e+000
 -2.4630540e+000  5.7142860e+000
 -2.3645320e+000  5.9359610e+000
 -2.2906400e+000  6.1576350e+000
 -2.1428570e+000  6.3793100e+000
 -1.9704430e+000  6.5517240e+000
 -1.7487680e+000  6.6995070e+000
